212.733 194.269 128.4 
198.286 183.161 123.322 
164.388 192.043 185.935 
12.3535 125.041 119.814 
32.8029 28.0843 40.1781 
23.8101 18.7895 32.5546 
36.751 151.259 137.693 
219.245 205.441 141.95 
68.3676 68.5959 74.6351 
3.7277 41.1502 19.9718 
83.4137 89.4702 92.888 
156.743 123.525 52.8251 
5.54211 55.8298 47.3316 
4.2415 2.58062 8.68547 
202.763 167.979 70.7237 
207.012 185.113 116.368 
35.3887 109.569 122.232 
183.075 167.261 111.055 
196.771 172.466 103.656 
170.519 141.188 73.3633 
59.7994 55.0794 61.1321 
40.8754 36.8986 47.164 
189.26 162.953 93.8028 
208.54 175.618 86.2681 
147.064 113.73 43.7591 
12.7267 9.29129 24.0098 
24.0094 124.837 87.3722 
55.1586 166.662 147.065 
39.5635 52.6683 68.4476 
222.123 211.177 150.682 
11.0792 97.0926 102.34 
32.6194 146.118 162.531 
215.549 199.266 135.269 
202.069 180.856 113.449 
130.956 155.269 152.918 
68.6665 183.485 167.848 
49.9295 45.1475 53.499 
227.123 220.425 161.584 
176.583 141.465 62.4164 
203.322 178.614 105.451 
13.1345 97.2336 41.0588 
19.4071 133.613 143.053 
193.744 168.228 98.3164 
242.906 242.916 187.112 
235.097 231.851 171.429 
9.71914 71.034 76.0592 
103.436 122.308 122.667 
218.399 193.023 113.363 
40.0628 141.317 112.845 
51.9836 20.8689 8.14208 
208.881 189.268 123.307 
176.38 136.976 37.0808 
233.912 221.996 147.669 
197.689 176.114 110.734 
59.1641 177.703 197.216 
227.319 237.007 203.374 
46.6479 164.595 171.853 
201.7 194.297 142.395 
178.842 149.069 77.966 
249.563 252.592 214.227 
87.1284 202.04 196.162 
13.1942 100.873 72.6371 
184.304 156.381 86.8775 
164.449 131.523 61.2386 
